   264.050    40.000    14.500    14.500     0.000     6.773    23.000      
1111.     10.000      0.000   ST
     0.000    13.517      0.
     1.000    17.469      0.
     2.000    18.718      0.
     3.000    19.466      0.
     3.910    20.000     99.
    24.200    20.000      0.
1111. 
1111.     11.000      0.000   ST
     0.000    12.406      0.
     1.000    16.799      0.
     2.000    18.306      0.
     3.000    19.265      0.
     4.000    19.873      0.
     4.100    20.000     99.
    24.200    20.000      0.
1111. 
1111.     12.000      0.000   ST
     0.000    11.001      0.
     1.000    15.632      0.
     2.000    17.338      0.
     3.000    18.464      0.
     4.000    19.316      0.
     5.000    19.887      0.
     5.275    20.000     99.
    24.200    20.000      0.
1111. 
1111.     13.000      0.000   ST
     0.000     9.018      0.
     1.000    14.029      0.
     2.000    15.875      0.
     3.000    17.152      0.
     4.000    18.138      0.
     5.000    18.941      0.
     6.000    19.528      0.
     7.000    19.922      0.
     7.394    20.000     99.
    24.200    20.000      0.
1111. 
1111.     14.000      0.000   ST
     0.000     6.196      0.
     1.000    11.304      0.
     2.000    13.404      0.
     3.000    14.934      0.
     4.000    16.146      0.
     5.000    17.141      0.
     6.000    17.974      0.
     7.000    18.650      0.
     8.000    19.199      0.
     9.000    19.622      0.
    10.000    19.886      0.
    10.592    20.000     99.
    24.200    20.000      0.
1111. 
1111.     15.000      0.000   ST
     0.000     2.993      0.
     1.000     7.980      0.
     2.000    10.216      0.
     3.000    11.870      0.
     4.000    13.217      0.
     5.000    14.356      0.
     6.000    15.353      0.
     7.000    16.246      0.
     8.000    17.038      0.
     9.000    17.740      0.
    10.000    18.354      0.
    11.000    18.882      0.
    12.000    19.312      0.
    13.000    19.633      0.
    14.500    19.929      0.
    14.751    20.000     99.
    24.200    20.000      0.
1111. 
1111.     16.000      0.000   ST
     0.000     0.583      0.
     1.000     5.356      0.
     2.000     7.103      0.
     3.000     8.420      0.
     4.000     9.598      0.
     5.000    10.677      0.
     6.000    11.684      0.
     7.000    12.651      0.
     8.000    13.581      0.
     9.000    14.471      0.
    10.000    15.328      0.
    11.000    16.159      0.
    12.000    16.935      0.
    13.000    17.624      0.
    14.500    18.572      0.
    16.000    19.322      0.
    18.000    19.877      0.
    18.601    20.000     99.
    24.200    20.000      0.
1111. 
1111.     17.000      0.000   ST
     0.000     0.124      0.
     1.000     3.602      0.
     2.000     4.805      0.
     3.000     5.656      0.
     4.000     6.434      0.
     5.000     7.181      0.
     6.000     7.919      0.
     7.000     8.674      0.
     8.000     9.438      0.
     9.000    10.248      0.
    10.000    11.052      0.
    11.000    11.859      0.
    12.000    12.734      0.
    13.000    13.663      0.
    14.500    15.032      0.
    16.000    16.321      0.
    18.000    17.837      0.
    20.000    19.014      0.
    22.000    19.797      0.
    22.924    20.000     99.
    24.200    20.000      0.
1111. 
1111.     18.000      0.000   ST
     0.000     0.100      0.
     1.000     2.577      0.
     2.000     3.442      0.
     3.000     3.967      0.
     4.000     4.341      0.
     5.000     4.643      0.
     6.000     4.932      0.
     7.000     5.224      0.
     8.000     5.554      0.
     9.000     5.931      0.
    10.000     6.346      0.
    11.000     6.845      0.
    12.000     7.479      0.
    13.000     8.235      0.
    14.500     9.516      0.
    16.000    10.921      0.
    18.000    13.033      0.
    20.000    15.277      0.
    22.000    17.449      0.
    24.200    19.250      0.
1111. 
1111.     18.000      6.601   ST//18.5st:18st~6.601(60125)
     0.000     0.110      0.
     1.000     2.286      0.
     2.000     2.979      0.
     3.000     3.414      0.
     4.000     3.673      0.
     5.000     3.815      0.
     6.000     3.893      0.
     7.000     3.951      0.
     8.000     4.012      0.
     9.000     4.115      0.
    10.000     4.320      0.
    11.000     4.603      0.
    12.000     4.959      0.
    13.000     5.458      0.
    14.500     6.511      0.
    16.000     7.872      0.
    18.000    10.049      0.
    20.000    12.543      0.
    22.000    15.057      0.
    24.200    17.488      0.
1111. 
1111.     19.000      0.000   ST
     0.000     0.112      0.
     1.000     1.982      0.
     2.000     2.596      0.
     3.000     2.988      0.
     4.000     3.195      0.
     5.000     3.258      0.
     6.000     3.215      0.
     7.000     3.104      0.
     8.000     2.954      0.
     9.000     2.804      0.
    10.000     2.723      0.
    11.000     2.710      0.
    12.000     2.780      0.
    13.000     3.087      0.
    14.500     3.833      0.
    16.000     4.987      0.
    18.000     7.036      0.
    20.000     9.433      0.
    22.000    11.867      0.
    24.200    14.527      0.
1111. 
1111.     19.000      6.601   ST//19.5st:19st~6.601(60125)
     0.000     0.000      0.//Body Plan forepro
     1.000     1.538      0.
     2.000     2.160      0.
     3.000     2.550      0.
     4.000     2.778      0.
     5.000     2.891      0.
     6.000     2.894      0.
     7.000     2.784      0.
     8.000     2.569      0.
     9.000     2.231      0.
    10.000     1.760      0.
    11.000     1.385      0.
    12.000     1.247      0.
    13.000     1.279      0.
    14.500     1.685      0.
    16.000     2.532      0.
    18.000     4.262      0.
    20.000     6.237      0.
    22.000     8.428      0.
    24.200    10.884      0.
1111. 
1111.     20.000      0.000   ST
     0.000     0.000      0.
     1.252     0.000      0.//Body Plan forepro
     2.000     1.195      0.
     3.000     1.825      0.
     4.000     2.310      0.
     5.000     2.652      0.
     7.000     2.901      0.
     8.000     2.768      0.
     9.000     2.497      0.
    10.000     2.060      0.
    11.000     1.301      0.
    11.947     0.000     99.//Body Plan forepro
    12.300     0.000      0.//Body Plan forepro
    13.000     0.029      0.
    14.500     0.148      0.
    16.000     0.603      0.
    18.000     1.551      0.
    20.000     2.981      0.
    22.000     4.700      0.
    24.200     6.815      0.
1111. 
1111.     20.000      3.037   ST//20.23st:3.037(036575)
     0.000     0.000      0.
     2.000     0.000      0.
     2.340     0.000      0.//Body Plan forepro
     3.000     1.353      0.
     4.000     2.045      0.
     5.000     2.481      0.
     6.000     2.753      0.
     7.000     2.893      0.
     8.000     2.890      0.
     9.000     2.686      0.
    10.000     2.125      0.
    11.000     0.697      0.
    11.516     0.000      0.//Body Plan forepro
    12.000     0.000      0.
    18.000     0.000      0.
    18.640     0.000      0.//Body Plan forepro
    20.000     1.590      0.
    22.000     3.135      0.
    24.200     5.042      0.
1111.  
1111.     20.000      5.941   ST//20.45st:5.941(941125)
     0.000     0.000      0.
     4.000     0.000      0.
     4.206     0.000      0.//Body Plan forepro
     5.000     1.300      0.
     6.000     1.910      0.
     7.000     2.258      0.
     8.000     2.420      0.
     9.000     2.400      0.
    10.000     2.110      0.
    11.000     1.320      0.
    11.198     0.000      0.//Body Plan forepro
    12.000     0.000      0.
    22.000     0.000      0.
    23.013     0.000      0.//Body Plan forepro
    24.200     2.343      0.
1111.  
1111.      0.000     FWD PROFILE
     0.000  -132.025      0.//10st Body Plan forepro
     0.000  -118.823      0.//11st Body Plan forepro
     0.000  -105.620      0.//12st Body Plan forepro
     0.000   -92.418      0.//13st Body Plan forepro
     0.000   -79.215      0.//14st Body Plan forepro
     0.000   -66.013      0.//15st Body Plan forepro
     0.000   -52.810      0.//16st Body Plan forepro
     0.000   -39.608      0.//17st Body Plan forepro
     0.000   -26.405      0.//18st Body Plan forepro
     0.000   -19.804      0.//18.5st Body Plan forepro
     0.000   -13.203      0.//19st Body Plan forepro
     0.000    -6.601      0.//19.5st Body Plan forepro
     0.000    -4.000      0.//end z=0
     1.252     0.000      0.//20st Body Plan forepro
     2.340     3.037      0.//20.23st Body Plan forepro
     4.206     5.941      0.//20.45st Body Plan forepro
     6.000     7.769      0.
     7.000     8.406      0.
     8.000     8.948      0.
     9.000     9.075      0.
    10.000     8.789      0.
    11.000     7.705      0.
    11.198     5.941      0.//20.45st Body Plan forepro
    11.516     3.037      0.//20.23st Body Plan forepro
    11.947     0.000      0.//20st Body Plan forepro
    12.300     0.000      0.//20st Body Plan forepro
    13.000     0.034      0.
    14.500     0.524      0.
    16.000     1.267      0.
    18.640     3.037      0.//20.23st Body Plan forepro
    23.013     5.941      0.//20.45st Body Plan forepro
    24.200                0.
1111. 
